1
0.000172106
0.000199806
0.000199552
0.000123508
0.000198421
2
0.0017672
0.00209107
0.00295609
0.00216066
0.00254053
3
0.00355814
0.00256645
0.00609351
0.00407751
0.0049335
4
0.00560474
0.008169
0.0108511
0.00582659
0.00552937
5
0.00924509
0.0113684
0.0132466
0.00685678
0.00567651
6
0.0144632
0.0159133
0.0175575
0.00847617
0.00659087
7
0.020216
0.0211371
0.0209419
0.00962795
0.00856903
8
0.0207374
0.024161
0.0286479
0.012653
0.0114605
9
0.0249929
0.0330189
0.0492619
0.0140406
0.0121092
10
0.0292806
0.0362415
0.0382946
0.0168271
0.0141466
11
0.0335016
0.0452114
0.0460548
0.0164388
0.0143719
12
0.0492779
0.0440572
0.0432664
0.0175928
0.0117537
13
0.044257
0.0629161
0.0461403
0.0187754
0.0143655
14
0.0643131
0.0661454
0.0509053
0.0207522
0.0154318
15
0.0757436
0.0493916
0.0515741
0.0219641
0.016423
16
0.0705637
0.0723847
0.0584147
0.0274666
0.0221756
17
0.0965002
0.0673064
0.0641978
0.0287682
0.0266199
18
0.0752273
0.0685802
0.0654751
0.0267012
0.0268546